1112607
1138092
1217940
1258817
1359023
1393059
1395349
1411259
1415506
1418418
1439537
1453311
1464807
1471302
1487899
1494394
1496753
1497218
1500510
1502590
1502714
1503248
1503383
1503713
1521786
1524965
1540176
1560733
1560903
1562998
1563114
1564833
1572761
1575706
1583584
1583855
1586877
1601825
1611073
1617568
1631737
1639676
1643392
1651664
1652592
1659087
1667824
1672922
1695405
1700467
1701574
1705077
1706091
1709030
1713471
1721901
1726348
1727794
1728396
1730622
1735596
1737978
1742091
1743319
1744820
1749409
1752625
1758947
1766797
1771167
1773292
1775596
1776314
1791334
1796369
1802864
1811479
1819268
1819649
1821128
1830563
1831660
1834559
1839262
1845720
1846678
1854542
1857401
1857497
1869057
1869980
1870733
1872779
1873886
1878147
1883417
1890878
1897354
1903362
1905441
