1042
9999818 60299
-9999818 -60299
9999273 120596
-9999273 -120596
9998364 180888
-9998364 -180888
9997091 241174
-9997091 -241174
9995455 301451
-9995455 -301451
9993456 361717
-9993456 -361717
9991093 421970
-9991093 -421970
9988367 482207
-9988367 -482207
9985278 542427
-9985278 -542427
9981825 602627
-9981825 -602627
9978010 662806
-9978010 -662806
9973832 722960
-9973832 -722960
9969291 783088
-9969291 -783088
9964388 843188
-9964388 -843188
9959123 903256
-9959123 -903256
9953495 963292
-9953495 -963292
9947506 1023293
-9947506 -1023293
9941155 1083257
-9941155 -1083257
9934442 1143182
-9934442 -1143182
9927368 1203064
-9927368 -1203064
9919933 1262904
-9919933 -1262904
9912138 1322697
-9912138 -1322697
9903982 1382442
-9903982 -1382442
9895466 1442137
-9895466 -1442137
9886590 1501779
-9886590 -1501779
9877355 1561367
-9877355 -1561367
9867760 1620898
-9867760 -1620898
9857807 1680370
-9857807 -1680370
9847495 1739781
-9847495 -1739781
9836826 1799128
-9836826 -1799128
9825798 1858411
-9825798 -1858411
9814414 1917625
-9814414 -1917625
9802672 1976770
-9802672 -1976770
9790574 2035844
-9790574 -2035844
9778120 2094843
-9778120 -2094843
9765311 2153766
-9765311 -2153766
9752146 2212610
-9752146 -2212610
9738627 2271374
-9738627 -2271374
9724754 2330056
-9724754 -2330056
9710527 2388653
-9710527 -2388653
9695947 2447163
-9695947 -2447163
9681015 2505584
-9681015 -2505584
9665731 2563914
-9665731 -2563914
9650095 2622150
-9650095 -2622150
9634108 2680292
-9634108 -2680292
9617771 2738336
-9617771 -2738336
9601084 2796280
-9601084 -2796280
9584048 2854123
-9584048 -2854123
9566664 2911862
-9566664 -2911862
9548932 2969495
-9548932 -2969495
9530853 3027020
-9530853 -3027020
9512427 3084435
-9512427 -3084435
9493655 3141737
-9493655 -3141737
9474538 3198926
-9474538 -3198926
9455077 3255998
-9455077 -3255998
9435271 3312952
-9435271 -3312952
9415123 3369786
-9415123 -3369786
9394633 3426497
-9394633 -3426497
9373800 3483083
-9373800 -3483083
9352627 3539543
-9352627 -3539543
9331114 3595874
-9331114 -3595874
9309262 3652074
-9309262 -3652074
9287071 3708141
-9287071 -3708141
9264543 3764074
-9264543 -3764074
9241677 3819870
-9241677 -3819870
9218476 3875526
-9218476 -3875526
9194939 3931042
-9194939 -3931042
9171068 3986415
-9171068 -3986415
9146864 4041643
-9146864 -4041643
9122327 4096725
-9122327 -4096725
9097458 4151657
-9097458 -4151657
9072259 4206438
-9072259 -4206438
9046729 4261066
-9046729 -4261066
9020871 4315540
-9020871 -4315540
8994685 4369856
-8994685 -4369856
8968172 4424014
-8968172 -4424014
8941332 4478010
-8941332 -4478010
8914168 4531844
-8914168 -4531844
8886679 4585513
-8886679 -4585513
8858868 4639016
-8858868 -4639016
8830734 4692349
-8830734 -4692349
8802279 4745512
-8802279 -4745512
8773504 4798503
-8773504 -4798503
8744410 4851319
-8744410 -4851319
8714998 4903958
-8714998 -4903958
8685269 4956420
-8685269 -4956420
8655225 5008701
-8655225 -5008701
8624865 5060800
-8624865 -5060800
8594193 5112715
-8594193 -5112715
8563207 5164444
-8563207 -5164444
8531910 5215985
-8531910 -5215985
8500304 5267337
-8500304 -5267337
8468388 5318497
-8468388 -5318497
8436164 5369464
-8436164 -5369464
8403633 5420235
-8403633 -5420235
8370797 5470810
-8370797 -5470810
8337656 5521185
-8337656 -5521185
8304212 5571360
-8304212 -5571360
8270467 5621332
-8270467 -5621332
8236420 5671100
-8236420 -5671100
8202075 5720662
-8202075 -5720662
8167430 5770016
-8167430 -5770016
8132489 5819159
-8132489 -5819159
8097253 5868092
-8097253 -5868092
8061721 5916810
-8061721 -5916810
8025897 5965314
-8025897 -5965314
7989781 6013601
-7989781 -6013601
7953374 6061669
-7953374 -6061669
7916679 6109517
-7916679 -6109517
7879695 6157143
-7879695 -6157143
7842425 6204544
-7842425 -6204544
7804870 6251721
-7804870 -6251721
7767030 6298670
-7767030 -6298670
7728909 6345389
-7728909 -6345389
7690506 6391878
-7690506 -6391878
7651824 6438135
-7651824 -6438135
7612864 6484158
-7612864 -6484158
7573627 6529945
-7573627 -6529945
7534114 6575494
-7534114 -6575494
7494328 6620804
-7494328 -6620804
7454269 6665874
-7454269 -6665874
7413939 6710701
-7413939 -6710701
7373339 6755285
-7373339 -6755285
7332471 6799622
-7332471 -6799622
7291337 6843713
-7291337 -6843713
7249938 6887554
-7249938 -6887554
7208275 6931145
-7208275 -6931145
7166350 6974484
-7166350 -6974484
7124164 7017570
-7124164 -7017570
7081719 7060400
-7081719 -7060400
7039017 7102974
-7039017 -7102974
6996059 7145289
-6996059 -7145289
6952846 7187345
-6952846 -7187345
6909381 7229139
-6909381 -7229139
6865665 7270671
-6865665 -7270671
6821698 7311938
-6821698 -7311938
6777484 7352939
-6777484 -7352939
6733024 7393673
-6733024 -7393673
6688318 7434138
-6688318 -7434138
6643369 7474332
-6643369 -7474332
6598179 7514255
-6598179 -7514255
6552749 7553905
-6552749 -7553905
6507081 7593280
-6507081 -7593280
6461176 7632379
-6461176 -7632379
6415036 7671200
-6415036 -7671200
6368663 7709743
-6368663 -7709743
6322058 7748005
-6322058 -7748005
6275224 7785985
-6275224 -7785985
6228161 7823683
-6228161 -7823683
6180872 7861096
-6180872 -7861096
6133358 7898223
-6133358 -7898223
6085621 7935063
-6085621 -7935063
6037663 7971614
-6037663 -7971614
5989485 8007876
-5989485 -8007876
5941089 8043846
-5941089 -8043846
5892478 8079524
-5892478 -8079524
5843652 8114908
-5843652 -8114908
5794614 8149997
-5794614 -8149997
5745365 8184790
-5745365 -8184790
5695907 8219285
-5695907 -8219285
5646242 8253481
-5646242 -8253481
5596372 8287377
-5596372 -8287377
5546298 8320972
-5546298 -8320972
5496023 8354264
-5496023 -8354264
5445547 8387253
-5445547 -8387253
5394874 8419937
-5394874 -8419937
5344005 8452314
-5344005 -8452314
5292941 8484384
-5292941 -8484384
5241685 8516146
-5241685 -8516146
5190238 8547598
-5190238 -8547598
5138603 8578739
-5138603 -8578739
5086781 8609568
-5086781 -8609568
5034773 8640084
-5034773 -8640084
4982583 8670286
-4982583 -8670286
4930212 8700173
-4930212 -8700173
4877661 8729744
-4877661 -8729744
4824933 8758997
-4824933 -8758997
4772029 8787931
-4772029 -8787931
4718952 8816546
-4718952 -8816546
4665704 8844841
-4665704 -8844841
4612285 8872814
-4612285 -8872814
4558699 8900464
-4558699 -8900464
4504948 8927791
-4504948 -8927791
4451032 8954793
-4451032 -8954793
4396955 8981469
-4396955 -8981469
4342718 9007819
-4342718 -9007819
4288322 9033841
-4288322 -9033841
4233771 9059535
-4233771 -9059535
4179066 9084900
-4179066 -9084900
4124209 9109934
-4124209 -9109934
4069203 9134637
-4069203 -9134637
4014048 9159008
-4014048 -9159008
3958747 9183045
-3958747 -9183045
3903302 9206749
-3903302 -9206749
3847715 9230118
-3847715 -9230118
3791989 9253152
-3791989 -9253152
3736124 9275849
-3736124 -9275849
3680124 9298209
-3680124 -9298209
3623990 9320230
-3623990 -9320230
3567724 9341913
-3567724 -9341913
3511329 9363256
-3511329 -9363256
3454805 9384259
-3454805 -9384259
3398157 9404921
-3398157 -9404921
3341384 9425240
-3341384 -9425240
3284490 9445217
-3284490 -9445217
3227477 9464850
-3227477 -9464850
3170346 9484140
-3170346 -9484140
3113100 9503084
-3113100 -9503084
3055741 9521683
-3055741 -9521683
2998271 9539936
-2998271 -9539936
2940691 9557841
-2940691 -9557841
2883005 9575400
-2883005 -9575400
2825214 9592610
-2825214 -9592610
2767320 9609471
-2767320 -9609471
2709326 9625983
-2709326 -9625983
2651233 9642145
-2651233 -9642145
2593044 9657956
-2593044 -9657956
2534760 9673417
-2534760 -9673417
2476385 9688525
-2476385 -9688525
2417919 9703281
-2417919 -9703281
2359365 9717685
-2359365 -9717685
2300726 9731735
-2300726 -9731735
2242002 9745431
-2242002 -9745431
2183198 9758773
-2183198 -9758773
2124314 9771760
-2124314 -9771760
2065352 9784392
-2065352 -9784392
2006316 9796668
-2006316 -9796668
1947207 9808587
-1947207 -9808587
1888027 9820150
-1888027 -9820150
1828778 9831357
-1828778 -9831357
1769463 9842205
-1769463 -9842205
1710083 9852696
-1710083 -9852696
1650641 9862828
-1650641 -9862828
1591139 9872602
-1591139 -9872602
1531580 9882017
-1531580 -9882017
1471964 9891073
-1471964 -9891073
1412296 9899769
-1412296 -9899769
1352575 9908105
-1352575 -9908105
1292806 9916081
-1292806 -9916081
1232990 9923696
-1232990 -9923696
1173128 9930950
-1173128 -9930950
1113225 9937843
-1113225 -9937843
1053280 9944375
-1053280 -9944375
993297 9950546
-993297 -9950546
933279 9956354
-933279 -9956354
873226 9961801
-873226 -9961801
813142 9966885
-813142 -9966885
753028 9971607
-753028 -9971607
692886 9975967
-692886 -9975967
632720 9979963
-632720 -9979963
572530 9983597
-572530 -9983597
512320 9986868
-512320 -9986868
452090 9989775
-452090 -9989775
391845 9992320
-391845 -9992320
331585 9994501
-331585 -9994501
271313 9996319
-271313 -9996319
211032 9997773
-211032 -9997773
150742 9998864
-150742 -9998864
90448 9999591
-90448 -9999591
30150 9999955
-30150 -9999955
-30150 9999955
30150 -9999955
-90448 9999591
90448 -9999591
-150742 9998864
150742 -9998864
-211032 9997773
211032 -9997773
-271313 9996319
271313 -9996319
-331585 9994501
331585 -9994501
-391845 9992320
391845 -9992320
-452090 9989775
452090 -9989775
-512320 9986868
512320 -9986868
-572530 9983597
572530 -9983597
-632720 9979963
632720 -9979963
-692886 9975967
692886 -9975967
-753028 9971607
753028 -9971607
-813142 9966885
813142 -9966885
-873226 9961801
873226 -9961801
-933279 9956354
933279 -9956354
-993297 9950546
993297 -9950546
-1053280 9944375
1053280 -9944375
-1113225 9937843
1113225 -9937843
-1173128 9930950
1173128 -9930950
-1232990 9923696
1232990 -9923696
-1292806 9916081
1292806 -9916081
-1352575 9908105
1352575 -9908105
-1412296 9899769
1412296 -9899769
-1471964 9891073
1471964 -9891073
-1531580 9882017
1531580 -9882017
-1591139 9872602
1591139 -9872602
-1650641 9862828
1650641 -9862828
-1710083 9852696
1710083 -9852696
-1769463 9842205
1769463 -9842205
-1828778 9831357
1828778 -9831357
-1888027 9820150
1888027 -9820150
-1947207 9808587
1947207 -9808587
-2006316 9796668
2006316 -9796668
-2065352 9784392
2065352 -9784392
-2124314 9771760
2124314 -9771760
-2183198 9758773
2183198 -9758773
-2242002 9745431
2242002 -9745431
-2300726 9731735
2300726 -9731735
-2359365 9717685
2359365 -9717685
-2417919 9703281
2417919 -9703281
-2476385 9688525
2476385 -9688525
-2534760 9673417
2534760 -9673417
-2593044 9657956
2593044 -9657956
-2651233 9642145
2651233 -9642145
-2709326 9625983
2709326 -9625983
-2767320 9609471
2767320 -9609471
-2825214 9592610
2825214 -9592610
-2883005 9575400
2883005 -9575400
-2940691 9557841
2940691 -9557841
-2998271 9539936
2998271 -9539936
-3055741 9521683
3055741 -9521683
-3113100 9503084
3113100 -9503084
-3170346 9484140
3170346 -9484140
-3227477 9464850
3227477 -9464850
-3284490 9445217
3284490 -9445217
-3341384 9425240
3341384 -9425240
-3398157 9404921
3398157 -9404921
-3454805 9384259
3454805 -9384259
-3511329 9363256
3511329 -9363256
-3567724 9341913
3567724 -9341913
-3623990 9320230
3623990 -9320230
-3680124 9298209
3680124 -9298209
-3736124 9275849
3736124 -9275849
-3791989 9253152
3791989 -9253152
-3847715 9230118
3847715 -9230118
-3903302 9206749
3903302 -9206749
-3958747 9183045
3958747 -9183045
-4014048 9159008
4014048 -9159008
-4069203 9134637
4069203 -9134637
-4124209 9109934
4124209 -9109934
-4179066 9084900
4179066 -9084900
-4233771 9059535
4233771 -9059535
-4288322 9033841
4288322 -9033841
-4342718 9007819
4342718 -9007819
-4396955 8981469
4396955 -8981469
-4451032 8954793
4451032 -8954793
-4504948 8927791
4504948 -8927791
-4558699 8900464
4558699 -8900464
-4612285 8872814
4612285 -8872814
-4665704 8844841
4665704 -8844841
-4718952 8816546
4718952 -8816546
-4772029 8787931
4772029 -8787931
-4824933 8758997
4824933 -8758997
-4877661 8729744
4877661 -8729744
-4930212 8700173
4930212 -8700173
-4982583 8670286
4982583 -8670286
-5034773 8640084
5034773 -8640084
-5086781 8609568
5086781 -8609568
-5138603 8578739
5138603 -8578739
-5190238 8547598
5190238 -8547598
-5241685 8516146
5241685 -8516146
-5292941 8484384
5292941 -8484384
-5344005 8452314
5344005 -8452314
-5394874 8419937
5394874 -8419937
-5445547 8387253
5445547 -8387253
-5496023 8354264
5496023 -8354264
-5546298 8320972
5546298 -8320972
-5596372 8287377
5596372 -8287377
-5646242 8253481
5646242 -8253481
-5695907 8219285
5695907 -8219285
-5745365 8184790
5745365 -8184790
-5794614 8149997
5794614 -8149997
-5843652 8114908
5843652 -8114908
-5892478 8079524
5892478 -8079524
-5941089 8043846
5941089 -8043846
-5989485 8007876
5989485 -8007876
-6037663 7971614
6037663 -7971614
-6085621 7935063
6085621 -7935063
-6133358 7898223
6133358 -7898223
-6180872 7861096
6180872 -7861096
-6228161 7823683
6228161 -7823683
-6275224 7785985
6275224 -7785985
-6322058 7748005
6322058 -7748005
-6368663 7709743
6368663 -7709743
-6415036 7671200
6415036 -7671200
-6461176 7632379
6461176 -7632379
-6507081 7593280
6507081 -7593280
-6552749 7553905
6552749 -7553905
-6598179 7514255
6598179 -7514255
-6643369 7474332
6643369 -7474332
-6688318 7434138
6688318 -7434138
-6733024 7393673
6733024 -7393673
-6777484 7352939
6777484 -7352939
-6821698 7311938
6821698 -7311938
-6865665 7270671
6865665 -7270671
-6909381 7229139
6909381 -7229139
-6952846 7187345
6952846 -7187345
-6996059 7145289
6996059 -7145289
-7039017 7102974
7039017 -7102974
-7081719 7060400
7081719 -7060400
-7124164 7017570
7124164 -7017570
-7166350 6974484
7166350 -6974484
-7208275 6931145
7208275 -6931145
-7249938 6887554
7249938 -6887554
-7291337 6843713
7291337 -6843713
-7332471 6799622
7332471 -6799622
-7373339 6755285
7373339 -6755285
-7413939 6710701
7413939 -6710701
-7454269 6665874
7454269 -6665874
-7494328 6620804
7494328 -6620804
-7534114 6575494
7534114 -6575494
-7573627 6529945
7573627 -6529945
-7612864 6484158
7612864 -6484158
-7651824 6438135
7651824 -6438135
-7690506 6391878
7690506 -6391878
-7728909 6345389
7728909 -6345389
-7767030 6298670
7767030 -6298670
-7804870 6251721
7804870 -6251721
-7842425 6204544
7842425 -6204544
-7879695 6157143
7879695 -6157143
-7916679 6109517
7916679 -6109517
-7953374 6061669
7953374 -6061669
-7989781 6013601
7989781 -6013601
-8025897 5965314
8025897 -5965314
-8061721 5916810
8061721 -5916810
-8097253 5868092
8097253 -5868092
-8132489 5819159
8132489 -5819159
-8167430 5770016
8167430 -5770016
-8202075 5720662
8202075 -5720662
-8236420 5671100
8236420 -5671100
-8270467 5621332
8270467 -5621332
-8304212 5571360
8304212 -5571360
-8337656 5521185
8337656 -5521185
-8370797 5470810
8370797 -5470810
-8403633 5420235
8403633 -5420235
-8436164 5369464
8436164 -5369464
-8468388 5318497
8468388 -5318497
-8500304 5267337
8500304 -5267337
-8531910 5215985
8531910 -5215985
-8563207 5164444
8563207 -5164444
-8594193 5112715
8594193 -5112715
-8624865 5060800
8624865 -5060800
-8655225 5008701
8655225 -5008701
-8685269 4956420
8685269 -4956420
-8714998 4903958
8714998 -4903958
-8744410 4851319
8744410 -4851319
-8773504 4798503
8773504 -4798503
-8802279 4745512
8802279 -4745512
-8830734 4692349
8830734 -4692349
-8858868 4639016
8858868 -4639016
-8886679 4585513
8886679 -4585513
-8914168 4531844
8914168 -4531844
-8941332 4478010
8941332 -4478010
-8968172 4424014
8968172 -4424014
-8994685 4369856
8994685 -4369856
-9020871 4315540
9020871 -4315540
-9046729 4261066
9046729 -4261066
-9072259 4206438
9072259 -4206438
-9097458 4151657
9097458 -4151657
-9122327 4096725
9122327 -4096725
-9146864 4041643
9146864 -4041643
-9171068 3986415
9171068 -3986415
-9194939 3931042
9194939 -3931042
-9218476 3875526
9218476 -3875526
-9241677 3819870
9241677 -3819870
-9264543 3764074
9264543 -3764074
-9287071 3708141
9287071 -3708141
-9309262 3652074
9309262 -3652074
-9331114 3595874
9331114 -3595874
-9352627 3539543
9352627 -3539543
-9373800 3483083
9373800 -3483083
-9394633 3426497
9394633 -3426497
-9415123 3369786
9415123 -3369786
-9435271 3312952
9435271 -3312952
-9455077 3255998
9455077 -3255998
-9474538 3198926
9474538 -3198926
-9493655 3141737
9493655 -3141737
-9512427 3084435
9512427 -3084435
-9530853 3027020
9530853 -3027020
-9548932 2969495
9548932 -2969495
-9566664 2911862
9566664 -2911862
-9584048 2854123
9584048 -2854123
-9601084 2796280
9601084 -2796280
-9617771 2738336
9617771 -2738336
-9634108 2680292
9634108 -2680292
-9650095 2622150
9650095 -2622150
-9665731 2563914
9665731 -2563914
-9681015 2505584
9681015 -2505584
-9695947 2447163
9695947 -2447163
-9710527 2388653
9710527 -2388653
-9724754 2330056
9724754 -2330056
-9738627 2271374
9738627 -2271374
-9752146 2212610
9752146 -2212610
-9765311 2153766
9765311 -2153766
-9778120 2094843
9778120 -2094843
-9790574 2035844
9790574 -2035844
-9802672 1976770
9802672 -1976770
-9814414 1917625
9814414 -1917625
-9825798 1858411
9825798 -1858411
-9836826 1799128
9836826 -1799128
-9847495 1739781
9847495 -1739781
-9857807 1680370
9857807 -1680370
-9867760 1620898
9867760 -1620898
-9877355 1561367
9877355 -1561367
-9886590 1501779
9886590 -1501779
-9895466 1442137
9895466 -1442137
-9903982 1382442
9903982 -1382442
-9912138 1322697
9912138 -1322697
-9919933 1262904
9919933 -1262904
-9927368 1203064
9927368 -1203064
-9934442 1143182
9934442 -1143182
-9941155 1083257
9941155 -1083257
-9947506 1023293
9947506 -1023293
-9953495 963292
9953495 -963292
-9959123 903256
9959123 -903256
-9964388 843188
9964388 -843188
-9969291 783088
9969291 -783088
-9973832 722960
9973832 -722960
-9978010 662806
9978010 -662806
-9981825 602627
9981825 -602627
-9985278 542427
9985278 -542427
-9988367 482207
9988367 -482207
-9991093 421970
9991093 -421970
-9993456 361717
9993456 -361717
-9995455 301451
9995455 -301451
-9997091 241174
9997091 -241174
-9998364 180888
9998364 -180888
-9999273 120596
9999273 -120596
-9999818 60299
9999818 -60299
10000000 0
-10000000 0